4294967279,80
4294967279,82
4294967279,81
4294967278,336
4294967278,170
4294967279,85
4294967279,84
4294967279,83
4294967278,335
4294967279,526
4294967279,525
4294967279,92
4294967279,91
4294967279,90
4294967279,89
4294967279,87
4294967279,86
4294967294,386
22,4
22,3
22,2
22,1
4294967279,524
4294967278,161
4294967279,100
4294967279,99
4294967279,98
4294967279,97
4294967279,96
4294967279,95
4294967279,94
4294967279,93
4294967278,334
4294967278,159
4294967278,158
4294967278,157
4294967278,156
4294967278,155
4294967278,154
4294967278,333
4294967279,523
4294967278,152
4294967278,151
4294967278,150
4294967278,149
4294967278,332
4294967279,522
4294967278,147
4294967279,106
4294967279,105
4294967279,104
4294967279,103
4294967279,102
4294967279,101
4294967278,331
4294967278,145
4294967278,144
4294967279,521
4294967278,143
21,5
4294967278,141
21,4
4294967278,140
21,3
21,2
21,1
4294967278,330
4294967278,139
4294967279,116
4294967279,115
4294967279,114
4294967279,113
4294967279,112
4294967279,111
4294967279,110
4294967279,109
4294967279,108
4294967279,107
4294967279,520
4294967278,329
4294967278,9
4294967278,8
4294967278,7
4294967278,6
4294967278,5
4294967278,4
4294967279,132
4294967279,131
4294967279,130
4294967279,129
4294967279,128
4294967279,127
4294967279,126
4294967279,125
4294967279,124
4294967279,123
4294967279,122
4294967279,121
4294967279,120
4294967279,119
4294967279,118
4294967279,117
4294967278,137
4294967294,75
4294967294,169
4294967294,174
4294967294,419
4294967294,182
4294967294,173
4294967294,170
4294967294,163
4294967278,136
4294967278,135
4294967279,134
4294967278,134
4294967294,97
4294967294,184
4294967294,189
4294967294,191
4294967278,133
4294967294,50
4294967294,175
4294967294,180
4294967294,179
4294967294,104
4294967294,106
4294967294,166
4294967294,24
4294967294,160
4294967294,168
4294967294,162
4294967278,21
4294967278,20
4294967278,19
4294967278,18
4294967278,16
4294967278,15
4294967278,14
4294967278,13
4294967278,12
4294967278,11
4294967278,10
4294967294,30
4294967294,61
4294967294,18
4294967294,127
4294967294,14
4294967294,126
4294967294,20
4294967294,13
4294967278,276
4294967278,17
4294967279,270
20,4
20,3
20,2
20,1
4294967279,279
4294967278,274
4294967278,38
4294967278,36
4294967278,35
4294967278,34
4294967278,33
4294967278,32
4294967278,31
4294967278,30
4294967278,29
4294967278,28
4294967278,27
4294967278,26
4294967278,25
4294967278,24
4294967278,23
4294967278,22
4294967279,21
4294967279,20
4294967279,19
4294967279,16
4294967279,15
4294967279,11
4294967279,519
4294967279,17
4294967279,277
4294967279,13
4294967279,263
4294967279,518
4294967279,14
4294967279,276
19,6
4294967279,262
4294967279,517
4294967278,328
4294967279,261
19,5
4294967278,327
4294967279,258
19,4
4294967279,257
19,3
19,2
19,1
4294967279,274
4294967279,256
4294967279,253
4294967294,396
4294967294,397
4294967294,178
4294967294,406
4294967294,177
4294967294,405
4294967294,183
4294967294,415
4294967294,398
4294967294,118
4294967294,456
4294967294,453
4294967294,454
4294967294,119
4294967294,465
4294967278,326
4294967279,516
18,5
4294967279,515
4294967278,257
4294967279,514
18,4
4294967278,325
18,3
18,2
18,1
4294967278,256
4294967279,513
4294967278,324
4294967279,512
4294967294,435
4294967294,389
4294967278,323
4294967279,319
4294967278,322
4294967278,254
4294967279,318
4294967278,321
4294967278,248
4294967278,253
17,5
17,4
4294967278,250
17,3
17,2
17,1
4294967278,249
4294967279,317
4294967294,436
4294967278,247
4294967294,41
4294967294,42
4294967294,1419
4294967294,1418
4294967294,44
4294967294,45
4294967294,426
4294967278,240
4294967294,416
4294967294,51
4294967278,243
4294967278,241
16,5
4294967294,76
4294967294,52
4294967278,238
4294967278,237
16,4
16,3
16,2
16,1
4294967279,316
4294967278,236
4294967278,234
4294967294,82
4294967294,92
4294967294,90
4294967294,88
4294967294,86
4294967294,85
4294967278,232
4294967278,233
4294967278,230
4294967294,99
4294967278,226
4294967278,224
4294967278,223
4294967278,222
4294967278,220
4294967294,107
4294967278,218
4294967278,216
14,4
14,3
14,2
14,1
4294967278,214
4294967279,315
4294967278,320
4294967294,120
4294967279,314
4294967278,319
4294967279,313
4294967278,318
4294967279,312
4294967278,317
4294967279,311
4294967278,316
4294967294,161
4294967279,310
4294967279,309
4294967278,315
4294967278,314
4294967279,308
4294967278,206
4294967278,205
4294967278,313
4294967279,307
4294967279,306
4294967278,204
13,6
4294967294,472
4294967278,201
4294967294,150
4294967294,129
4294967294,149
4294967294,201
4294967279,305
4294967278,312
4294967278,311
13,5
4294967278,200
4294967278,199
13,4
13,3
13,2
13,1
4294967279,304
4294967279,260
4294967279,0
4294967278,198
4294967278,197
